0.000000
0.000000
0.000000
0.360957
1.211185
2.409611
3.325461
3.943004
5.453400
6.799648
7.216526
6.777644
6.596270
6.947961
7.140249
7.335050
7.344089
6.690153
7.382672
7.622794
7.852417
7.878259
7.395569
7.799092
7.930313
7.739475
7.995491
7.099256
7.113365
7.876930
8.123021
7.426951
4.344346
4.291008
0.000000
0.000000
0.000000
0.000000
0.000000
0.000000
0.000000
0.116854
1.226467
2.124367
3.056219
3.966445
4.843685
4.937385
0.000000
0.569069
1.137142
2.043465
2.802314
3.603460
5.409102
6.568857
6.227843
5.985478
5.505903
5.557202
5.442094
5.228113
5.616051
5.474016
5.422630
5.567947
5.678755
5.499214
5.484926
5.579687
5.682097
5.660344
5.812940
5.886527
5.839077
5.884778
5.818468
5.799227
5.649590
5.575064
5.629888
5.406172
5.135448
5.131319
5.050277
4.915285
4.636838
4.407993
4.525297
4.241113
3.886405
3.574918
3.242572
3.270674
2.859181
2.325678
1.474976
1.461966
0.650409
0.971462
0.757506
0.676199
0.169536
0.258667
0.000000
0.000000
0.000000
0.151284
0.910149
1.402930
1.250716
1.323261
1.851821
2.443809
2.602753
2.872619
3.173166
3.398633
3.530061
3.612765
3.732746
3.690550
3.889959
4.006682
4.108692
4.016135
3.888265
3.844045
3.772541
3.624547
3.305529
3.537863
3.600252
3.710068
3.634628
3.414958
3.408900
3.486226
3.266788
2.965507
2.984819
1.932611
0.761391
0.000000
0.000000
0.000000
0.000000
0.000000
0.000000
0.000000
0.000000
0.000000
0.000000
0.000000
0.000000
0.000000
0.000000
0.000000
0.000000
0.000000
0.000000
0.045233
0.347753
0.374638
0.997082
1.113965
1.135642
0.613111
1.002061
0.971852
1.088997
1.469694
1.442104
1.327434
1.347470
1.623258
1.477952
1.449547
1.771633
1.762908
1.764499
1.925878
2.050368
1.833923
1.945605
2.013028
2.048252
1.439323
3.375007
4.930432
4.961532
4.827061
5.577811
5.675138
4.236934
5.514887
5.771773
5.154624
5.138062
5.911124
5.810317
4.261334
5.636650
5.826063
5.423020
4.974589
5.713687
5.782383
4.904064
5.415234
5.892805
5.769576
4.686535
5.861538
5.991881
5.329322
5.478080
6.083555
5.969217
4.739130
5.794433
6.042757
5.715716
5.243092
5.969242
6.142040
5.682400
5.393836
6.202899
6.281158
5.216188
6.145596
6.511178
6.505184
5.433596
6.590932
7.109408
7.929316
7.924169
7.905127
8.110467
7.931605
7.385129
6.825368
6.307479
5.974698
6.480541
4.757559
0.677978
0.095496
0.000000
0.000000
0.000000
0.000000
0.000000
0.000000
0.000000
0.000000
0.000000
0.000000
0.000000
0.000000
0.000000
0.000000
0.000000
0.000000
0.000000
0.000000
0.000000
0.000000
0.000000
0.000000
0.000000
0.000000
0.000000
0.000000
0.000000
0.000000
0.000000
0.000000
0.000000
0.000000
0.051271
0.280056
0.845986
1.559452
2.723888
3.654243
4.414341
4.861080
5.093906
5.028746
4.806878
3.869881
2.362602
0.819219
0.000000
0.000000
0.000000
0.000000
0.000000
0.000000
0.000000
0.000000
0.000000
0.000000
0.000000
0.000000
0.505077
1.765807
2.602135
3.031913
3.765868
4.282466
4.818102
5.486678
5.971394
6.278949
6.492676
6.660468
6.819049
6.936160
7.012350
7.047843
7.104364
7.138537
7.155057
7.225948
7.269058
7.296862
7.320691
7.336276
7.366750
7.405930
7.422129
7.448605
7.448147
7.423365
7.376072
7.261029
7.081500
6.885786
5.837718
4.872269
0.372061
0.000000
0.000000
0.000000
0.000000
0.000000
0.000000
0.000000
0.000000
0.000000
0.000000
0.000000
0.000000
0.000000
0.000000
0.000000
0.668082
1.997186
2.278849
2.159592
1.335240
0.935631
0.613863
1.041172
1.255727
0.312424
1.314984
3.538793
4.322013
4.848388
5.108369
5.348977
5.819613
6.277844
6.684696
6.914516
7.051284
7.241998
7.431694
7.551764
7.586088
7.620866
7.652364
7.699191
7.748576
7.797078
7.796471
7.798591
7.794929
7.808029
7.849892
7.921954
7.966548
7.984968
8.006759
8.024168
8.037808
8.078746
8.129977
8.110591
8.022411
7.770968
7.426749
6.262006
5.190489
0.000000
0.000000
0.000000
0.000000
0.000000
0.000000
0.000000
0.000000
0.000000
0.000000
0.000000
0.000000
0.000000
0.000000
0.000000
0.000000
0.000000
0.000000
0.000000
0.000000
0.000000
0.000000
0.000000
0.000000
0.000000
0.000000
0.000000
1.172913
3.325875
4.945327
5.792987
6.419737
6.934027
7.381298
7.751522
8.175677
8.235948
8.443137
8.437549
8.348587
8.307202
8.312543
8.305478
8.306206
8.384347
8.438705
8.451859
8.487020
8.488417
8.601766
8.615052
8.601400
8.687366
8.725859
8.747825
8.828078
8.987105
9.161109
9.206812
9.089849
8.931906
8.781674
8.622634
8.460501
8.344019
8.219397
7.999967
7.326745
7.040628
3.618690
1.222497
1.038942
2.473955
0.016970
1.385692
0.611870
0.000000
0.000000
0.000000
0.000000
0.000000
0.000000
0.000000
0.000000
0.000000
0.000000
0.000000
0.000000
0.000000
0.000000
0.000000
0.000000
0.000000
0.000000
0.000000
0.000000
0.000000
0.000000
0.000000
0.000000
0.000000
0.000000
0.000000
0.000000
0.000000
0.000000
0.000000
0.000000
0.000000
0.000000
0.000000
0.000000
0.000000
0.000000
0.000000
0.000000
0.000000
0.000000
0.000000
0.000000
0.000000
0.000000
0.000000
0.000000
0.000000
0.000000
0.000000
0.000000
0.000000
0.000000
0.000000
0.000000
0.000000
0.000000
0.000000
0.000000
0.000000
0.000000
0.000000
0.000000
0.000000
0.000000
0.000000
0.000000
0.000000
0.000000
0.000000
0.000000
0.000000
0.000000
0.000000
0.000000
0.000000
0.000000
0.000000
0.000000
0.000000
0.000000
0.000000
0.000000
0.000000
0.000000
0.000000
0.000000
0.000000
0.000000
0.000000
0.000000
0.000000
0.000000
0.000000
0.000000
0.000000
0.000000
0.000000
0.000000
0.000000
0.000000
0.000000
0.000000
0.000000
0.000000
0.000000
0.000000
0.000000
0.000000
0.000000
0.000000
0.000000
0.000000
0.000000
0.000000
0.000000
0.000000
0.000000
0.000000
0.000000
0.000000
0.000000
0.000000
0.000000
0.000000
0.000000
0.000000
0.000000
0.000000
0.000000
0.000000
0.000000
0.000000
0.000000
0.000000
0.000000
0.000000
0.000000
0.000000
0.000000
0.000000
0.000000
0.000000
0.000000
0.000000
0.000000
0.000000
0.000000
0.000000
0.000000
0.000000
0.000000
0.000000
0.000000
0.000000
0.000000
0.000000
0.000000
0.000000
0.000000
0.000000
0.000000
0.000000
0.000000
0.000000
0.000000
0.000000
0.000000
0.000000
0.000000
0.000000
0.000000
0.000000
0.000000
0.000000
0.000000
0.000000
0.000000
0.000000
0.000000
0.000000
0.000000
0.000000
0.000000
0.000000
0.000000
0.000000
0.000000
0.000000
0.000000
0.000000
0.000000
0.000000
0.000000
0.000000
0.000000
0.000000
0.000000
0.000000
0.000000
0.000000
0.000000
0.000000
0.000000
0.000000
0.000000
0.000000
0.000000
0.000000
0.000000
0.000000
0.000000
0.000000
0.000000
0.000000
0.000000
0.000000
0.000000
0.000000
0.000000
0.000000
0.000000
0.000000
0.000000
0.000000
0.000000
0.000000
0.000000
0.000000
0.000000
0.000000
0.000000
0.000000
0.000000
0.000000
0.000000
0.000000
0.000000
0.000000
0.000000
0.000000
0.000000
0.000000
0.000000
0.000000
0.000000
0.000000
0.000000
0.000000
0.000000
0.000000
0.000000
0.000000
0.000000
0.000000
0.000000
0.000000
0.000000
0.000000
0.000000
0.000000
0.000000
0.000000
0.000000
0.000000
0.000000
0.000000
0.000000
0.000000
0.000000
0.000000
0.000000
0.000000
0.000000
0.000000
0.000000
0.000000
0.000000
0.000000
0.000000
0.000000
0.000000
0.000000
0.000000
0.000000
0.000000
0.000000
0.000000
0.000000
0.000000
0.000000
0.000000
0.000000
0.000000
0.000000
0.000000
0.000000
0.000000
0.000000
0.000000
0.000000
0.000000
0.000000
0.000000
0.000000
0.000000
0.000000
0.000000
0.000000
0.000000
0.000000
0.000000
0.000000
0.000000
0.000000
0.000000
0.000000
0.000000
0.000000
0.000000
0.000000
0.000000
0.000000
0.000000
0.000000
0.000000
0.000000
0.000000
0.000000
0.000000
0.000000
0.000000
0.000000
0.000000
0.000000
0.000000
0.000000
0.000000
0.000000
0.000000
0.000000
0.000000
0.000000
0.000000
0.000000
0.000000
0.000000
0.000000
0.000000
0.000000
0.000000
0.000000
0.000000
0.000000
0.000000
0.000000
0.000000
0.000000
0.000000
0.000000
0.000000
0.000000
0.000000
0.000000
0.000000
0.000000
0.000000
0.000000
0.000000
0.000000
0.000000
0.000000
0.000000
0.000000
0.000000
0.000000
0.000000
0.000000
0.000000
0.000000
0.000000
0.000000
0.000000
0.000000
0.000000
0.000000
0.000000
0.000000
0.000000
0.000000
0.000000
0.000000
0.000000
0.000000
0.000000
0.000000
0.000000
0.000000
0.000000
0.000000
0.000000
0.000000
0.000000
0.000000
0.000000
0.000000
0.000000
0.000000
0.000000
0.000000
0.000000
0.000000
0.000000
0.000000
0.000000
0.000000
0.000000
0.000000
0.000000
0.000000
0.000000
0.000000
0.000000
0.000000
0.000000
0.000000
0.000000
0.000000
0.000000
0.000000
0.000000
0.000000
0.000000
0.000000
0.000000
0.000000
0.000000
0.000000
0.000000
0.000000
0.000000
0.000000
0.000000
0.000000
0.000000
0.000000
0.000000
0.000000
0.000000
0.000000
0.000000
0.000000
0.000000
0.000000
0.000000
0.000000
0.000000
0.000000
0.000000
0.000000
0.000000
0.000000
0.000000
0.000000
0.000000
0.000000
0.000000
0.000000
0.000000
0.000000
0.000000
0.000000
0.000000
0.000000
0.000000
0.000000
0.000000
0.000000
0.000000
0.000000
0.000000
0.000000
0.000000
0.000000
0.000000
0.000000
0.000000
0.000000
0.000000
0.000000
0.000000
0.000000
0.000000
0.000000
0.000000
0.000000
0.000000
0.000000
0.000000
0.000000
0.000000
0.000000
0.000000
0.000000
0.000000
0.000000
0.000000
0.000000
0.000000
0.000000
0.000000
0.000000
0.000000
0.000000
0.000000
0.000000
0.000000
0.000000
0.000000
0.000000
0.000000
0.000000
0.000000
0.000000
0.000000
0.000000
0.000000
0.000000
0.000000
0.000000
0.000000
0.000000
0.000000
0.000000
0.000000
0.000000
0.000000
0.000000
