0.000000
0.000000
0.000000
0.000000
0.000000
0.000000
1.487921
3.869564
4.703445
5.155963
5.693478
5.878138
6.508976
6.864506
7.109143
7.167771
7.106899
6.939827
6.984785
6.705955
6.858629
6.653721
6.605562
6.721533
6.753656
6.991641
7.224933
7.412554
7.548729
7.604274
7.760774
7.955869
8.018343
7.998420
7.931583
7.878956
7.796436
7.670553
7.542903
7.323433
7.055927
7.065170
6.665010
6.932330
7.049816
4.915482
0.000000
0.731564
2.194256
2.471887
2.395074
5.320885
6.260742
3.157395
5.075626
0.000000
0.000000
0.000000
0.000000
0.000000
0.000000
0.000000
0.000000
0.000000
0.000000
0.000000
0.000000
0.000000
0.000000
0.000000
0.000000
0.432690
0.052332
0.710714
0.960489
1.078277
0.818161
0.622169
0.719721
1.045839
0.780776
0.572764
0.976785
0.280592
1.184770
2.647124
3.341865
3.382308
3.344711
4.563612
4.864584
4.954893
5.584304
7.131060
7.096941
7.306987
7.595166
7.647784
6.919720
7.472473
7.492242
7.675277
7.394790
7.652982
7.979547
7.828574
8.272734
8.564567
8.384731
8.199289
8.259639
8.390788
8.202606
7.674411
8.128430
8.059415
8.055962
7.755137
7.811873
8.082188
8.007084
8.112681
8.220279
7.979438
8.296121
8.265288
8.339788
8.466472
8.229740
8.362968
8.428716
8.429377
8.468266
8.416922
8.062853
8.286718
8.098931
8.038337
8.008380
7.571242
7.287584
7.380943
6.935214
2.649197
0.000000
0.000000
0.000000
0.000000
0.000000
0.000000
0.000000
0.000000
0.000000
0.000000
0.000000
0.000000
0.000000
0.000000
0.000000
0.000000
0.000000
0.000000
0.000000
0.000000
0.000000
0.000000
0.000000
1.641576
5.418390
6.057010
6.043162
5.690940
5.570888
5.439124
5.178576
5.220790
5.126337
4.941011
4.942242
4.979619
4.881606
5.044933
4.985483
4.947132
5.008757
4.865529
5.128137
4.981394
4.802732
3.528797
0.664917
0.000000
0.000000
0.000000
0.000000
0.000000
0.000000
0.498648
1.546672
2.026479
2.644936
2.112282
1.933214
2.894110
0.000000
0.000000
0.000000
0.000000
0.000000
0.000000
0.000000
0.000000
0.000000
0.000000
0.000000
0.000000
0.000000
0.000000
0.000000
0.000000
0.000000
0.000000
0.000000
0.000000
2.154493
5.072443
7.125947
7.867222
8.172680
8.307031
8.371431
8.406099
8.433333
8.444278
8.446716
8.413088
8.321715
8.175871
8.011663
7.838177
7.626455
7.428903
7.253277
7.085414
6.947586
6.860140
6.812095
6.810516
6.882759
6.946570
7.014340
7.092165
7.213256
7.454634
7.686845
7.754997
7.730417
7.721061
7.680532
7.555132
7.305851
7.281852
7.209656
7.003637
7.173835
7.018910
6.996721
7.010584
6.995148
7.032103
6.966357
6.822030
6.874969
6.838026
7.021252
6.992377
7.079973
7.100883
7.310100
7.209999
7.451643
7.297121
7.546968
7.335065
7.492900
7.278100
7.333019
7.023036
6.965881
6.417534
4.382115
0.197692
0.000000
0.000000
0.458525
0.474867
0.781605
1.430705
2.015301
2.343778
2.451157
2.949628
1.045405
2.290081
1.046353
2.478456
3.814269
3.234151
2.694181
0.000000
0.000000
0.000000
0.000000
0.000000
0.000000
0.000000
0.000000
0.000000
0.000000
0.000000
0.000000
0.000000
0.000000
0.000000
0.000000
0.000000
0.000000
0.000000
0.000000
0.000000
0.000000
0.966721
2.798907
5.647832
6.881788
6.905756
6.761329
5.368081
3.138323
0.000000
0.000000
0.000000
0.000000
0.000000
0.000000
0.000000
0.000000
0.000000
0.000000
0.000000
0.000000
0.000000
0.000000
0.000000
0.000000
0.000000
0.000000
0.000000
0.000000
0.000000
0.000000
0.000000
0.000000
0.000000
0.000000
0.000000
0.000000
0.000000
0.000000
0.000000
0.000000
0.000000
1.250115
2.393061
2.377803
2.157555
2.486694
2.871109
3.116941
3.192528
3.262023
3.419483
3.574867
3.659389
3.687958
3.720590
3.833582
3.857272
3.937490
3.968061
4.014532
4.121517
4.440784
5.437633
5.981008
6.228551
6.342777
6.427922
6.444091
6.494148
6.543397
6.531084
6.678198
6.694057
6.713363
6.849267
7.114831
7.051361
7.405152
7.385934
7.609536
7.703518
7.704595
7.743073
7.740788
7.744629
7.126761
7.648777
7.741815
7.838202
7.936483
7.984393
8.024471
8.009003
7.833020
7.280915
7.928326
8.015974
8.084932
8.127761
8.153157
8.100465
8.045866
7.476115
7.773284
8.095945
8.110404
8.210789
8.259767
8.323323
8.327608
8.221092
7.733104
8.009372
7.926617
7.702425
7.330718
5.701231
0.089145
0.000000
0.000000
0.000000
0.000000
0.000000
0.000000
0.000000
0.000000
0.000000
0.000000
0.000000
0.000000
0.000000
0.000000
0.000000
0.000000
0.000000
0.000000
0.000000
0.000000
0.000000
0.000000
0.000000
0.000000
0.000000
0.000000
0.000000
0.000000
0.000000
0.000000
0.000000
0.000000
0.000000
0.439344
0.311081
1.254943
0.905937
2.819390
3.813348
4.300992
4.806231
4.771012
0.000000
0.000000
0.000000
0.000000
0.000000
0.000000
0.000000
0.000000
0.000000
0.000000
0.000000
0.000000
0.000000
0.000000
0.000000
0.000000
0.000000
0.000000
0.000000
0.000000
0.000000
0.000000
0.000000
0.000000
0.000000
0.000000
0.000000
0.000000
0.000000
0.000000
0.000000
0.000000
0.000000
0.000000
0.000000
0.000000
0.000000
0.000000
0.000000
0.000000
0.000000
0.000000
0.000000
0.000000
0.000000
0.000000
0.000000
0.000000
0.000000
0.000000
0.000000
0.000000
0.000000
0.000000
0.000000
0.000000
0.000000
0.000000
0.000000
0.000000
0.000000
0.000000
0.000000
0.000000
0.000000
0.000000
0.000000
0.000000
0.000000
0.000000
0.000000
0.000000
0.000000
0.000000
0.000000
0.000000
0.000000
0.000000
0.000000
0.000000
0.000000
0.000000
0.000000
0.000000
0.000000
0.000000
0.000000
0.000000
0.000000
0.000000
0.000000
0.000000
0.000000
0.000000
0.000000
0.000000
0.000000
0.000000
0.000000
0.000000
0.000000
0.000000
0.000000
0.000000
0.000000
0.000000
0.000000
0.000000
0.000000
0.000000
0.000000
0.000000
0.000000
0.000000
0.000000
0.000000
0.000000
0.000000
0.000000
0.000000
0.000000
0.000000
0.000000
0.000000
0.000000
0.000000
0.000000
0.000000
0.000000
0.000000
0.000000
0.000000
0.000000
0.000000
0.000000
0.000000
0.000000
0.000000
0.000000
0.000000
0.000000
0.000000
0.000000
0.000000
0.000000
0.000000
0.000000
0.000000
0.000000
0.000000
0.000000
0.000000
0.000000
0.000000
0.000000
0.000000
0.000000
0.000000
0.000000
0.000000
0.000000
0.000000
0.000000
0.000000
0.000000
0.000000
0.000000
0.000000
0.000000
0.000000
0.000000
0.000000
0.000000
0.000000
0.000000
0.000000
0.000000
0.000000
0.000000
0.000000
0.000000
0.000000
0.000000
0.000000
0.000000
0.000000
0.000000
0.000000
0.000000
0.000000
0.000000
0.000000
0.000000
0.000000
0.000000
0.000000
0.000000
0.000000
0.000000
0.000000
0.000000
0.000000
0.000000
0.000000
0.000000
0.000000
0.000000
0.000000
0.000000
0.000000
0.000000
0.000000
0.000000
0.000000
0.000000
0.000000
0.000000
0.000000
0.000000
0.000000
0.000000
0.000000
0.000000
0.000000
0.000000
0.000000
0.000000
0.000000
0.000000
0.000000
0.000000
0.000000
0.000000
0.000000
0.000000
0.000000
0.000000
0.000000
0.000000
0.000000
0.000000
0.000000
0.000000
0.000000
0.000000
0.000000
0.000000
0.000000
0.000000
0.000000
0.000000
0.000000
0.000000
0.000000
0.000000
0.000000
0.000000
0.000000
0.000000
0.000000
0.000000
0.000000
0.000000
0.000000
0.000000
0.000000
0.000000
0.000000
0.000000
0.000000
0.000000
0.000000
0.000000
0.000000
0.000000
0.000000
0.000000
0.000000
0.000000
0.000000
0.000000
0.000000
0.000000
0.000000
0.000000
0.000000
0.000000
0.000000
0.000000
0.000000
0.000000
0.000000
0.000000
0.000000
0.000000
0.000000
0.000000
0.000000
0.000000
0.000000
0.000000
0.000000
0.000000
0.000000
0.000000
0.000000
0.000000
0.000000
0.000000
0.000000
0.000000
0.000000
0.000000
0.000000
0.000000
0.000000
0.000000
0.000000
0.000000
0.000000
0.000000
0.000000
0.000000
0.000000
0.000000
0.000000
0.000000
0.000000
0.000000
0.000000
0.000000
0.000000
0.000000
0.000000
0.000000
0.000000
0.000000
0.000000
0.000000
0.000000
0.000000
0.000000
0.000000
0.000000
0.000000
0.000000
0.000000
0.000000
0.000000
0.000000
0.000000
0.000000
0.000000
0.000000
0.000000
0.000000
0.000000
0.000000
0.000000
0.000000
0.000000
0.000000
0.000000
0.000000
0.000000
0.000000
0.000000
0.000000
0.000000
0.000000
0.000000
0.000000
0.000000
0.000000
0.000000
0.000000
0.000000
0.000000
0.000000
0.000000
0.000000
0.000000
0.000000
0.000000
0.000000
0.000000
0.000000
0.000000
0.000000
0.000000
0.000000
0.000000
0.000000
0.000000
0.000000
0.000000
0.000000
0.000000
0.000000
0.000000
0.000000
0.000000
0.000000
0.000000
0.000000
0.000000
0.000000
0.000000
0.000000
0.000000
0.000000
0.000000
0.000000
0.000000
0.000000
0.000000
0.000000
0.000000
0.000000
0.000000
0.000000
0.000000
0.000000
0.000000
0.000000
0.000000
0.000000
0.000000
0.000000
0.000000
0.000000
0.000000
0.000000
0.000000
0.000000
0.000000
0.000000
0.000000
0.000000
0.000000
0.000000
0.000000
0.000000
0.000000
0.000000
0.000000
0.000000
0.000000
0.000000
0.000000
0.000000
0.000000
0.000000
0.000000
0.000000
0.000000
0.000000
0.000000
0.000000
0.000000
0.000000
0.000000
0.000000
0.000000
0.000000
0.000000
0.000000
0.000000
0.000000
0.000000
0.000000
0.000000
0.000000
0.000000
0.000000
0.000000
0.000000
0.000000
0.000000
0.000000
0.000000
0.000000
0.000000
0.000000
0.000000
0.000000
0.000000
0.000000
0.000000
0.000000
0.000000
0.000000
0.000000
0.000000
0.000000
0.000000
0.000000
0.000000
0.000000
0.000000
0.000000
0.000000
0.000000
0.000000
0.000000
0.000000
0.000000
0.000000
0.000000
0.000000
0.000000
0.000000
0.000000
0.000000
0.000000
0.000000
0.000000
0.000000
0.000000
0.000000
0.000000
0.000000
0.000000
0.000000
0.000000
0.000000
0.000000
0.000000
0.000000
0.000000
0.000000
0.000000
0.000000
